"workerID"
"br5UXXrx"
